Netsize: 1, process: 0, system: OVERNIGHT, tick=3.072351e-007
xa=0.000000e+000 xb=1.000000e+002 a=1.000000e+000 b=5.000000e-001 omg0=0.000000e+000 omg1=2.000000e+001
u0=1.000000e+000 u1=2.000000e+000 k1=1.000000e+000 k2=1.000000e+002
tmax=1.000000e+001 tq=1.000000e+000 epst=1.000000e-015
nx=10000 ntp=100 ntm=1000000 lp=0
u10=1.000000e+000 omg0=0.000000e+000 omg1=2.000000e+001
hx=1.000000e-002 tau=5.000000e-007 ntm=20000000
nx=10000 hx=1.000000e-002 tau=5.000000e-007 ntm=20000000
i1=0 i2=10000 nc=10001
