Netsize: 10, process: 0, system: OVERNIGHT, tick=3.072351e-007
xa=0.000000e+000 xb=1.000000e+000 a=1.000000e+000 b=5.000000e-001 omg0=0.000000e+000 omg1=2.000000e+001
u0=1.000000e+000 u1=2.000000e+000 k1=1.000000e+000 k2=1.000000e+001
tmax=2.500000e-001 tq=1.000000e+000 epst=1.000000e-007
nx=100 ntp=100 ntm=10000 lp=0
u10=1.000000e+000 omg0=0.000000e+000 omg1=2.000000e+001
hx=1.000000e-002 tau=2.500000e-005 ntm=10000
nx=100 hx=1.000000e-002 tau=2.500000e-005 ntm=10000
i1=0 i2=30 nc=31
