Netsize: 10, process: 8, system: OVERNIGHT, tick=3.072351e-007
xa=0.000000e+000 xb=1.000000e+000 a=1.000000e+000 b=5.000000e-001 omg0=0.000000e+000 omg1=2.000000e+001
u0=1.000000e+000 u1=2.000000e+000 k1=1.000000e+000 k2=1.000000e+002
tmax=2.500000e-001 tq=1.000000e+000 epst=1.000000e-007
nx=100 ntp=100 ntm=10000 lp=0
u10=1.000000e+000 omg0=0.000000e+000 omg1=2.000000e+001
hx=1.000000e-002 tau=5.000000e-007 ntm=10000
nx=100 hx=1.000000e-002 tau=5.000000e-007 ntm=10000
i1=81 i2=90 nc=10
ntv=10000 tv=5.000000e-003 gt=1.809666e+001 time=3.580356e+000
u10=1.000000e+000 omg0=0.000000e+000 omg1=2.000000e+001
hx=5.000000e-003 tau=1.250000e-007 ntm=10000
nx=120 hx=5.000000e-003 tau=1.250000e-007 ntm=10000
i1=162 i2=180 nc=19
ntv=10000 tv=1.250000e-003 gt=1.897256e+005 time=2.112845e+005
u10=1.000000e+000 omg0=0.000000e+000 omg1=2.000000e+001
hx=2.500000e-003 tau=3.125000e-008 ntm=10000
nx=140 hx=2.500000e-003 tau=3.125000e-008 ntm=10000
i1=324 i2=360 nc=37
ntv=10000 tv=3.125000e-004 gt=7.589043e+005 time=7.508063e+000
