Netsize: 1, process: 0, system: OVERNIGHT, tick=3.072351e-007
a1=0.000000e+000 b1=1.000000e+000 a2=0.000000e+000 b2=1.000000e+000
x10=5.000000e-001 x20=5.000000e-001 r0=1.000000e-001 q0=1.000000e+002 tau0=1.000000e-002
x11=2.000000e-001 x12=5.000000e-001 x21=7.000000e-001 x22=2.000000e-001 x31=5.000000e-001 x32=8.000000e-001 k1=2.500000e+001 k2=1.000000e+000
u0=1.000000e+000 u1=2.000000e+000 tau1=1.000000e-002 tmax=2.000000e+000 epst=1.000000e-007
n1=50 n2=50 ntp=100 ntm=1000000 lp=0
u10=1.000000e+000 omg0=1.000000e+002 omg1=1.000000e+002
h1=2.000000e-002 h2=2.000000e-002 tau=4.000000e-004 ntm=5000
Grid=1x1 coord=(0,0)
i11=0 i12=50 nc1=51
i21=0 i22=50 nc2=51
ncp1=0 ncp2=0 ncp=0
ncx1=51 ncx2=51 ncx=51
