Netsize: 10, process: 1, system: OVERNIGHT, tick=3.072351e-007
a1=0.000000e+000 b1=1.000000e+000 a2=0.000000e+000 b2=1.000000e+000
x10=5.000000e-001 x20=5.000000e-001 r0=1.000000e-001 q0=1.000000e+002 tau0=0.000000e+000
x11=2.000000e-001 x12=5.000000e-001 x21=7.000000e-001 x22=2.000000e-001 x31=5.000000e-001 x32=8.000000e-001 k1=2.500000e+001 k2=1.000000e+000
u0=0.000000e+000 u1=1.000000e+000 omg1=1.000000e+000 tmax=1.000000e+000 tq=1.000000e+000 epst=1.000000e-007
n1=50 n2=50 ntp=100 ntm=10000 lp=0
u10=1.000000e+000 omg0=0.000000e+000 omg1=1.000000e+000
h1=2.000000e-002 h2=2.000000e-002 tau=1.000000e-004 ntm=10000
Grid=2x5 coord=(1,0)
i11=26 i12=50 nc1=25
i21=0 i22=10 nc2=11
ncp1=2 ncp2=8 ncp=8
ncx1=25 ncx2=11 ncx=25
n1=50 n2=50 h1=2.000000e-002 h2=2.000000e-002 tau=1.000000e-004 ntm=10000
Grid=2x5
ntv=10000 tv=1.000000e+000 gt=1.025935e+005 time=1.338397e+002
u10=1.000000e+000 omg0=0.000000e+000 omg1=1.000000e+000
h1=1.000000e-002 h2=1.000000e-002 tau=1.000000e-004 ntm=10000
Grid=2x5 coord=(1,0)
i11=52 i12=100 nc1=49
i21=0 i22=20 nc2=21
ncp1=2 ncp2=8 ncp=8
ncx1=49 ncx2=21 ncx=49
n1=100 n2=100 h1=1.000000e-002 h2=1.000000e-002 tau=1.000000e-004 ntm=10000
Grid=2x5
ntv=10000 tv=1.000000e+000 gt=6.579821e+004 time=2.282928e+005
u10=1.000000e+000 omg0=0.000000e+000 omg1=1.000000e+000
h1=5.000000e-003 h2=5.000000e-003 tau=1.000000e-004 ntm=10000
Grid=2x5 coord=(1,0)
i11=104 i12=200 nc1=97
i21=0 i22=40 nc2=41
ncp1=2 ncp2=8 ncp=8
ncx1=97 ncx2=41 ncx=97
n1=200 n2=200 h1=5.000000e-003 h2=5.000000e-003 tau=1.000000e-004 ntm=10000
Grid=2x5
ntv=2100 tv=2.100000e-001 gt=1.#QNAN0e+000 time=2.376677e+002
