Netsize: 10, process: 7, system: OVERNIGHT, tick=3.072351e-007
a1=0.000000e+000 b1=1.000000e+000 a2=0.000000e+000 b2=1.000000e+000
x10=5.000000e-001 x20=5.000000e-001 r0=1.000000e-001 q0=1.000000e+002 tau0=0.000000e+000
x11=2.000000e-001 x12=5.000000e-001 x21=7.000000e-001 x22=2.000000e-001 x31=5.000000e-001 x32=8.000000e-001 k1=2.500000e+001 k2=1.000000e+000
u0=0.000000e+000 u1=1.000000e+000 omg1=2.000000e+001 tmax=2.500000e-001 tq=1.000000e+000 epst=1.000000e-007
n1=50 n2=50 ntp=100 ntm=10000 lp=0
u10=1.000000e+000 omg0=0.000000e+000 omg1=2.000000e+001
h1=2.000000e-002 h2=2.000000e-002 tau=4.000000e-006 ntm=10000
Grid=2x5 coord=(1,3)
i11=26 i12=50 nc1=25
i21=31 i22=40 nc2=10
ncp1=2 ncp2=8 ncp=8
ncx1=25 ncx2=10 ncx=25
n1=50 n2=50 h1=2.000000e-002 h2=2.000000e-002 tau=4.000000e-006 ntm=10000
Grid=2x5
ntv=10000 tv=4.000000e-002 gt=1.529334e+005 time=1.325395e+002
u10=1.000000e+000 omg0=0.000000e+000 omg1=2.000000e+001
h1=1.000000e-002 h2=1.000000e-002 tau=1.000000e-006 ntm=10000
Grid=2x5 coord=(1,3)
i11=52 i12=100 nc1=49
i21=62 i22=80 nc2=19
ncp1=2 ncp2=8 ncp=8
ncx1=49 ncx2=19 ncx=49
n1=100 n2=55 h1=1.000000e-002 h2=1.000000e-002 tau=1.000000e-006 ntm=10000
Grid=2x5
