Netsize: 10, process: 5, system: OVERNIGHT, tick=3.072351e-007
a1=0.000000e+000 b1=1.000000e+000 a2=0.000000e+000 b2=1.000000e+000
x10=5.000000e-001 x20=5.000000e-001 r0=1.000000e-001 q0=1.000000e+002 tau0=0.000000e+000
x11=2.000000e-001 x12=5.000000e-001 x21=7.000000e-001 x22=2.000000e-001 x31=5.000000e-001 x32=8.000000e-001 k1=2.500000e+001 k2=1.000000e+000
u0=0.000000e+000 u1=1.000000e+000 omg1=2.000000e+001 tmax=2.500000e-001 tq=9.950000e-001 epst=1.000000e-007
n1=50 n2=50 ntp=100 ntm=10000 lp=0
u10=1.000000e+000 omg0=0.000000e+000 omg1=2.000000e+001
h1=2.000000e-002 h2=2.000000e-002 tau=2.500000e-005 ntm=10000
Grid=2x5 coord=(1,2)
i11=26 i12=50 nc1=25
i21=21 i22=30 nc2=10
ncp1=2 ncp2=8 ncp=8
ncx1=25 ncx2=10 ncx=25
n1=50 n2=50 h1=2.000000e-002 h2=2.000000e-002 tau=2.500000e-005 ntm=10000
Grid=2x5
ntv=10000 tv=2.500000e-001 gt=3.981681e+004 time=8.175464e+001
