Netsize: 10, process: 4, system: OVERNIGHT, tick=3.072351e-007
a1=0.000000e+000 b1=1.000000e+000 a2=0.000000e+000 b2=1.000000e+000
x10=5.000000e-001 x20=5.000000e-001 r0=1.000000e-001 q0=1.000000e+002 tau0=0.000000e+000
x11=2.000000e-001 x12=5.000000e-001 x21=7.000000e-001 x22=2.000000e-001 x31=5.000000e-001 x32=8.000000e-001 k1=2.500000e+001 k2=1.000000e+000
u0=0.000000e+000 u1=1.000000e+000 omg1=2.000000e+001 tmax=2.500000e-001 tq=1.000000e+000 epst=1.000000e-007
n1=50 n2=50 ntp=100 ntm=10000 lp=0
u10=1.000000e+000 omg0=0.000000e+000 omg1=2.000000e+001
h1=2.000000e-002 h2=2.000000e-002 tau=2.500000e-005 ntm=10000
Grid=2x5 coord=(0,2)
i11=0 i12=25 nc1=26
i21=21 i22=30 nc2=10
ncp1=2 ncp2=8 ncp=8
ncx1=26 ncx2=10 ncx=26
n1=50 n2=50 h1=2.000000e-002 h2=2.000000e-002 tau=2.500000e-005 ntm=10000
Grid=2x5
ntv=10000 tv=2.500000e-001 gt=4.414520e+004 time=1.228139e+002
u10=1.000000e+000 omg0=0.000000e+000 omg1=2.000000e+001
h1=1.000000e-002 h2=1.000000e-002 tau=2.500000e-005 ntm=10000
Grid=2x5 coord=(0,2)
i11=0 i12=50 nc1=51
i21=42 i22=60 nc2=19
ncp1=2 ncp2=8 ncp=8
ncx1=51 ncx2=19 ncx=51
n1=100 n2=55 h1=1.000000e-002 h2=1.000000e-002 tau=2.500000e-005 ntm=10000
Grid=2x5
ntv=10000 tv=2.500000e-001 gt=4.414520e+004 time=1.978250e+005
u10=1.000000e+000 omg0=0.000000e+000 omg1=2.000000e+001
h1=5.000000e-003 h2=5.000000e-003 tau=2.500000e-005 ntm=10000
Grid=2x5 coord=(0,2)
i11=0 i12=100 nc1=101
i21=84 i22=120 nc2=37
ncp1=2 ncp2=8 ncp=8
ncx1=101 ncx2=37 ncx=101
n1=200 n2=60 h1=5.000000e-003 h2=5.000000e-003 tau=2.500000e-005 ntm=10000
Grid=2x5
